9 12
68 96
12 1
0 2
1 3
2 4
3 5
4 6
5 7
6 8
7 9
8 10
9 11
10 23
13 0
25 12
15 26
16 14
17 15
18 16
19 17
20 18
21 19
22 20
23 21
11 22
36 25
24 13
14 38
39 28
27 40
41 30
29 42
43 32
31 44
45 34
33 46
47
37 24
49 36
26 50
51 27
28 52
53 29
30 54
55 31
32 56
57 33
34 58
59 35
60 49
48 37
38 51
50 39
40 53
52 41
42 55
54 43
44 57
56 45
46 70
71 47
61 48
62 60
63 61
64 62
65 63
66 64
67 65
68 66
67
70 81
58 69
83 59
73 84
74 72
75 73
76 74
77 75
78 76
79 77
80 78
81 79
69 80
94 83
82 71
72 85
84 97
87
88 86
89 87
90 88
91 89
92 90
93 91
94 92
95 93 82
107 94
97
85 98 96
97 99
98 100
99 101
100 102
101 103
102 104
103 105
104 106
105 107
106 95